Dataset,Model,n_neighbors,weights,metric,predict_accuracy,predict_micro_f1,predict_micro_precision,predict_micro_recall,predict_macro_f1,predict_macro_precision,predict_macro_recall,predict_weighted_f1,predict_weighted_precision,predict_weighted_recall,predict_0_f1,predict_0_precision,predict_0_recall,predict_1_f1,predict_1_precision,predict_1_recall,predict_2_f1,predict_2_precision,predict_2_recall
esnli,bart-large,1,uniform,minkowski,0.8718444625407166,0.8718444625407166,0.8718444625407166,0.8718444625407166,0.871826199957285,0.8718795716934066,0.8719367580760203,0.871729673753088,0.8717790824129396,0.8718444625407166,0.8754512635379063,0.8640142517814727,0.8871951219512195,0.8255921254998462,0.8337993165579373,0.8175449284191288,0.9144352108341028,0.9178251467408094,0.9110702238577124
esnli,bart-large,1,uniform,cosine,0.8770358306188925,0.8770358306188925,0.8770358306188925,0.8770358306188925,0.8769440883051182,0.8769820256620928,0.8769644672366647,0.876972256406104,0.8769673247909484,0.8770358306188925,0.8822385156366901,0.8752969121140143,0.8892911010558069,0.8307074451652765,0.8353525939732837,0.8261136712749616,0.9178863041133879,0.9202965708989805,0.9154886293792256
esnli,bart-large,1,distance,minkowski,0.8718444625407166,0.8718444625407166,0.8718444625407166,0.8718444625407166,0.871826199957285,0.8718795716934066,0.8719367580760203,0.871729673753088,0.8717790824129396,0.8718444625407166,0.8754512635379063,0.8640142517814727,0.8871951219512195,0.8255921254998462,0.8337993165579373,0.8175449284191288,0.9144352108341028,0.9178251467408094,0.9110702238577124
esnli,bart-large,1,distance,cosine,0.8770358306188925,0.8770358306188925,0.8770358306188925,0.8770358306188925,0.8769440883051182,0.8769820256620928,0.8769644672366647,0.876972256406104,0.8769673247909484,0.8770358306188925,0.8822385156366901,0.8752969121140143,0.8892911010558069,0.8307074451652765,0.8353525939732837,0.8261136712749616,0.9178863041133879,0.9202965708989805,0.9154886293792256
esnli,bart-large,3,uniform,minkowski,0.8961726384364821,0.8961726384364822,0.8961726384364821,0.8961726384364821,0.8961002862813867,0.8960911628012581,0.8961140645913797,0.8961388626616638,0.8961097541904132,0.8961726384364821,0.8985722784057109,0.8969714964370546,0.9001787842669845,0.8561686298822071,0.8580304442373408,0.854314877822456,0.9335599505562423,0.933271547729379,0.9338485316846986
esnli,bart-large,3,uniform,cosine,0.8988192182410424,0.8988192182410424,0.8988192182410424,0.8988192182410424,0.8986531970333941,0.8986758412073729,0.8986367042672615,0.8988654116076469,0.8989177129861238,0.8988192182410424,0.9023269601304283,0.9038004750593824,0.9008582420834567,0.859990655661112,0.8577197887542715,0.8622735790131169,0.9336419753086419,0.9345072598084646,0.9327782917052112
esnli,bart-large,3,distance,minkowski,0.8950529315960912,0.8950529315960912,0.8950529315960912,0.8950529315960912,0.894945604949072,0.895024814843865,0.894933100624938,0.8950221500243606,0.8950584248749802,0.8950529315960912,0.8998353046863304,0.8922209026128266,0.9075807913017215,0.8551553563147317,0.8592730661696178,0.8510769230769231,0.9298461538461538,0.9335804757491505,0.9261415874961691
esnli,bart-large,3,distance,cosine,0.8975977198697068,0.8975977198697068,0.8975977198697068,0.8975977198697068,0.8974294142650484,0.8975191089702457,0.8973683269062601,0.8976221175091971,0.8976753709930448,0.8975977198697068,0.9028503208476346,0.8981591448931117,0.9075907590759076,0.8583397982932506,0.8592730661696178,0.8574085554866708,0.9310981236542601,0.9351251158480074,0.9271056661562022
esnli,bart-large,5,uniform,minkowski,0.9039087947882736,0.9039087947882736,0.9039087947882736,0.9039087947882736,0.9039326451955233,0.9038483010935191,0.904071278776554,0.9037678976745734,0.9036812170723606,0.9039087947882736,0.9077633735657875,0.9043942992874109,0.9111576428357763,0.867930343658499,0.8748058403230817,0.8611620795107033,0.936104218362283,0.9323447636700649,0.9398941139831828
esnli,bart-large,5,uniform,cosine,0.9017711726384365,0.9017711726384365,0.9017711726384365,0.9017711726384365,0.9016086743426767,0.9016393161207327,0.9015809743901936,0.901807754005487,0.9018472338764039,0.9017711726384365,0.9059067972692193,0.9061757719714965,0.9056379821958457,0.8641667963279913,0.8626902764833799,0.8656483790523691,0.9347524294308192,0.9360518999073216,0.933456561922366
esnli,bart-large,5,distance,minkowski,0.9031962540716613,0.9031962540716613,0.9031962540716613,0.9031962540716613,0.9031645732549854,0.9031944075378111,0.9032175190471422,0.9031074319855109,0.9031018152238816,0.9031962540716613,0.9072936947731017,0.8993467933491687,0.9153822907222726,0.8674475955610357,0.8741845293569431,0.860813704496788,0.9347524294308192,0.9360518999073216,0.933456561922366
esnli,bart-large,5,distance,cosine,0.9018729641693811,0.9018729641693811,0.9018729641693811,0.9018729641693811,0.9016963843214331,0.9017880779117305,0.9016260503337571,0.9019153944799938,0.9019793483173948,0.9018729641693811,0.9065434490982263,0.9029097387173397,0.9102065249925172,0.8637564082647196,0.8636222429325877,0.8638906152889994,0.9347892956013534,0.9388322520852641,0.9307810107197549
esnli,bart-large,7,uniform,minkowski,0.907878664495114,0.907878664495114,0.907878664495114,0.907878664495114,0.9078653950951429,0.9078455413747027,0.9079328080801515,0.9077810880877175,0.9077312850728108,0.907878664495114,0.9114793252724287,0.9064726840855107,0.9165415791053738,0.8736695974086073,0.8797763280521901,0.8676470588235294,0.9384472626043923,0.9372876119864072,0.9396097863115516
esnli,bart-large,7,uniform,cosine,0.9061482084690554,0.9061482084690554,0.9061482084690554,0.9061482084690554,0.9059809872773775,0.9060278580975835,0.9059391048811469,0.9061939049186535,0.906244528474725,0.9061482084690554,0.9100089100089099,0.9097387173396675,0.9102792632204397,0.8689698101462807,0.8673501087294191,0.8705955721858435,0.938964241676942,0.9409947482236639,0.9369424792371578
esnli,bart-large,7,distance,minkowski,0.907064332247557,0.907064332247557,0.907064332247557,0.907064332247557,0.907018395869489,0.9070468913299158,0.9070518169469723,0.906989819176156,0.9069775721199359,0.907064332247557,0.9112939416604339,0.9043942992874109,0.9182996683750377,0.8723962351488967,0.8782230506368437,0.8666462293071735,0.9373650107991361,0.9385233240654928,0.9362095531587057
esnli,bart-large,7,distance,cosine,0.9049267100977199,0.9049267100977199,0.9049267100977199,0.9049267100977199,0.9047377447801203,0.9048287441110926,0.9046626639583674,0.9049905875651492,0.9050703950483348,0.9049267100977199,0.9089285714285714,0.9067695961995249,0.9110978520286396,0.8669674809397853,0.8654861758310034,0.8684538653366584,0.9383171819720043,0.9422304603027495,0.9344362745098039
esnli,bart-large,9,uniform,minkowski,0.9087947882736156,0.9087947882736155,0.9087947882736156,0.9087947882736156,0.9087023057147098,0.9086961738060029,0.9087147168236993,0.9087594354015615,0.9087303816571748,0.9087947882736156,0.9134186254091045,0.911520190023753,0.915324985092427,0.8732568949488688,0.8754271512892202,0.871097372488408,0.9394313967861556,0.9391411801050356,0.9397217928902627
esnli,bart-large,9,uniform,cosine,0.9060464169381107,0.9060464169381107,0.9060464169381107,0.9060464169381107,0.9058375681292837,0.9058710857027474,0.9058109444045548,0.9060984513197878,0.9061572910665302,0.9060464169381107,0.912514827995255,0.9135985748218527,0.9114336492890995,0.8688473520249221,0.8664181422802113,0.8712902218056857,0.9361505243676743,0.9375965400061785,0.934708962118879
esnli,bart-large,9,distance,minkowski,0.9079804560260586,0.9079804560260587,0.9079804560260586,0.9079804560260586,0.9078807293416687,0.9079118429513704,0.9078717140369229,0.9079479218125182,0.9079376637159102,0.9079804560260586,0.9128878281622911,0.9085510688836105,0.9172661870503597,0.8721362229102168,0.875116495806151,0.8691761801912989,0.9386181369524984,0.9400679641643497,0.93717277486911
esnli,bart-large,9,distance,cosine,0.9060464169381107,0.9060464169381107,0.9060464169381107,0.9060464169381107,0.905845115055631,0.905901426100578,0.9057959563222923,0.9060921568486173,0.9061450030635866,0.9060464169381107,0.912468420270471,0.911520190023753,0.9134186254091045,0.8691457911934029,0.8676607642124884,0.8706359102244389,0.9359211337030191,0.9385233240654928,0.9333333333333333
esnli,bart-large,11,uniform,minkowski,0.9079804560260586,0.9079804560260587,0.9079804560260586,0.9079804560260586,0.9079016671009525,0.9078963975647935,0.9079159272421053,0.9079398339433491,0.9079082360577758,0.9079804560260586,0.9120404822146152,0.9097387173396675,0.9143539242017308,0.8728511692736566,0.8754271512892202,0.8702903026559605,0.9388133498145859,0.9385233240654928,0.9391035548686244
esnli,bart-large,11,uniform,cosine,0.9076750814332247,0.9076750814332247,0.9076750814332247,0.9076750814332247,0.9074432902343096,0.9074889626772397,0.9074099949110613,0.9077442830360095,0.9078256852509603,0.9076750814332247,0.9146160687815,0.9159738717339667,0.9132622853759621,0.8709073900841908,0.8676607642124884,0.8741784037558685,0.9368064118372379,0.9388322520852641,0.9347892956013534
esnli,bart-large,11,distance,minkowski,0.9074714983713354,0.9074714983713354,0.9074714983713354,0.9074714983713354,0.9073623447037682,0.9074089788241753,0.907342760802558,0.9074473498586682,0.9074504708939644,0.9074714983713354,0.912537313432836,0.9076603325415677,0.9174669867947179,0.8722712494194149,0.875116495806151,0.8694444444444445,0.9372784712590537,0.9394501081248069,0.9351168511685117
esnli,bart-large,11,distance,cosine,0.9071661237785016,0.9071661237785015,0.9071661237785016,0.9071661237785016,0.906909760697117,0.9070003922944228,0.9068412015472097,0.907256722414305,0.9073691260861856,0.9071661237785016,0.9143026882518936,0.913895486935867,0.9147102526002971,0.8702432938240797,0.8667287977632805,0.8737864077669902,0.9361833000153775,0.9403768921841211,0.9320269442743417
esnli,bart-large,101,uniform,minkowski,0.9066571661237784,0.9066571661237784,0.9066571661237784,0.9066571661237784,0.9065147121231053,0.9065765843465141,0.9064862362931952,0.9066415083311099,0.9066595148092288,0.9066571661237784,0.9136798088410992,0.9082541567695962,0.9191706730769231,0.872366790582404,0.8748058403230817,0.8699413036762434,0.9334975369458128,0.9366697559468644,0.9303467321264192
esnli,bart-large,101,uniform,cosine,0.9057410423452769,0.9057410423452769,0.9057410423452769,0.9057410423452769,0.9054356758503733,0.9055489646892444,0.9053736021188928,0.9058806816152353,0.9060706333208169,0.9057410423452769,0.9129725722757597,0.9141923990498813,0.9117559964465501,0.8698372966207759,0.8636222429325877,0.8761424519382288,0.9334971586545846,0.9388322520852641,0.9282223579718998
esnli,bart-large,101,distance,minkowski,0.9068607491856677,0.9068607491856677,0.9068607491856677,0.9068607491856677,0.9067230996006145,0.9067836880018936,0.9067027446774886,0.9068355462357365,0.9068508702220411,0.9068607491856677,0.9142259414225942,0.9082541567695962,0.9202767749699158,0.8724458204334364,0.8754271512892202,0.8694847269361308,0.9334975369458128,0.9366697559468644,0.9303467321264192
esnli,bart-large,101,distance,cosine,0.9061482084690554,0.9061482084690554,0.9061482084690554,0.9061482084690554,0.9058567881654138,0.9059677531230218,0.905788728014247,0.9062732328230737,0.9064404986740681,0.9061482084690554,0.9134886481673838,0.913895486935867,0.9130821714624741,0.8705845576742732,0.8651755203479341,0.8760616546083674,0.9334971586545846,0.9388322520852641,0.9282223579718998
esnli,bart-large,201,uniform,minkowski,0.904621335504886,0.904621335504886,0.904621335504886,0.904621335504886,0.9044558073450538,0.9045164375020535,0.9044129483462697,0.9046290157288512,0.9046546350931407,0.904621335504886,0.9114490161001789,0.9076603325415677,0.9152694610778443,0.8692009309542281,0.8701460080770426,0.8682579045257285,0.9327174749807545,0.9357429718875502,0.9297114794352364
esnli,bart-large,201,uniform,cosine,0.9035016286644951,0.9035016286644951,0.9035016286644951,0.9035016286644951,0.9031031395673991,0.903257656932114,0.9030658266615772,0.9037192784158902,0.904051567836271,0.9035016286644951,0.9115646258503401,0.915083135391924,0.9080730701237478,0.8659858601728201,0.8561665113389252,0.8760330578512396,0.931758932679037,0.9385233240654928,0.9250913520097442
esnli,bart-large,201,distance,minkowski,0.9048249185667753,0.9048249185667753,0.9048249185667753,0.9048249185667753,0.9046586305240439,0.9047189600344147,0.9046160758791766,0.9048322844577614,0.9048575932618284,0.9048249185667753,0.9117471675611211,0.9079572446555819,0.9155688622754491,0.869511249030256,0.8704566635601119,0.8685678859268444,0.9327174749807545,0.9357429718875502,0.9297114794352364
esnli,bart-large,201,distance,cosine,0.903807003257329,0.903807003257329,0.903807003257329,0.903807003257329,0.9034346538109027,0.90357747466122,0.9033885826140075,0.9040041569616103,0.9042960387873276,0.903807003257329,0.9115122817401599,0.9144893111638955,0.9085545722713865,0.8666038920276208,0.8577197887542715,0.8756739613066921,0.9321877876649278,0.9385233240654928,0.9259372142639439
esnli,bart-large,301,uniform,minkowski,0.9052320846905537,0.9052320846905537,0.9052320846905537,0.9052320846905537,0.9050760391475089,0.905132015702975,0.9050352000558247,0.9052387702649937,0.9052607403492726,0.9052320846905537,0.9114754098360656,0.9079572446555819,0.9150209455415919,0.8701318851823119,0.8710779745262504,0.8691878487290763,0.9336208224241491,0.936360827927093,0.9308968058968059
esnli,bart-large,301,uniform,cosine,0.9033998371335505,0.9033998371335505,0.9033998371335505,0.9033998371335505,0.9029881318857257,0.9031409375564685,0.9029729847894243,0.9036319438416788,0.9039985963218528,0.9033998371335505,0.9113737075332349,0.9159738717339667,0.9068195179306291,0.8659955960994025,0.8552345448897173,0.8770309015610067,0.9315950920245398,0.9382143960457213,0.9250685348766372
esnli,bart-large,301,distance,minkowski,0.9053338762214984,0.9053338762214984,0.9053338762214984,0.9053338762214984,0.9051788584161266,0.9052401486536832,0.9051373683767402,0.905338086122971,0.9053622822658443,0.9053338762214984,0.9117208470026843,0.9076603325415677,0.9158178550029958,0.8704823949123622,0.871699285492389,0.869268897149938,0.9333333333333333,0.936360827927093,0.9303253529772867
esnli,bart-large,301,distance,cosine,0.9037052117263844,0.9037052117263843,0.9037052117263844,0.9037052117263844,0.9033093548910215,0.9034515930395378,0.9032941550844305,0.9039261448006771,0.9042713262719689,0.9037052117263844,0.9113737075332349,0.9159738717339667,0.9068195179306291,0.8665304197453231,0.8561665113389252,0.8771483131763208,0.9320239373945066,0.9382143960457213,0.9259146341463415
esnli,bart-large,401,uniform,minkowski,0.9045195439739414,0.9045195439739414,0.9045195439739414,0.9045195439739414,0.9043328336912723,0.9044019959650291,0.9042761781017833,0.9045566966251725,0.9046064148197305,0.9045195439739414,0.9106877046740101,0.9082541567695962,0.913134328358209,0.8689569407741334,0.8682820751786269,0.8696328562538892,0.9333538556256734,0.9366697559468644,0.9300613496932515
esnli,bart-large,401,uniform,cosine,0.9024837133550488,0.9024837133550488,0.9024837133550488,0.9024837133550488,0.9020361061105469,0.9022118247669811,0.9020492981273552,0.9027579877218678,0.9032165594461395,0.9024837133550488,0.9098687121994394,0.9156769596199525,0.9041336851363236,0.864438839848676,0.8518173345759553,0.87744,0.9318007662835249,0.9391411801050356,0.9245742092457421
esnli,bart-large,401,distance,minkowski,0.9048249185667753,0.9048249185667753,0.9048249185667753,0.9048249185667753,0.9046307580737333,0.9047029133809624,0.9045714327785289,0.9048693680143232,0.9049266759077573,0.9048249185667753,0.9110119047619049,0.9088479809976246,0.9131861575178998,0.8693623639191291,0.8682820751786269,0.8704453441295547,0.9335180055401662,0.9369786839666358,0.9300827966881324
esnli,bart-large,401,distance,cosine,0.9026872964169381,0.9026872964169381,0.9026872964169381,0.9026872964169381,0.9022497983559749,0.9024069125166035,0.902268724649545,0.902947895452626,0.9033804809743464,0.9026872964169381,0.9103509289295193,0.9165676959619953,0.9042179261862917,0.8646604695131558,0.8524386455420938,0.8772378516624041,0.9317379966252493,0.9382143960457213,0.9253503960999391
esnli,bart-large,501,uniform,minkowski,0.9047231270358306,0.9047231270358306,0.9047231270358306,0.9047231270358306,0.9045317777952085,0.9045965078935523,0.9044787678676608,0.904755619563724,0.9047998944217533,0.9047231270358306,0.91158082762727,0.9091448931116389,0.9140298507462686,0.869132732359341,0.8685927306616962,0.8696734059097978,0.9328817733990149,0.9360518999073216,0.9297330469469163
esnli,bart-large,501,uniform,cosine,0.9018729641693811,0.9018729641693811,0.9018729641693811,0.9018729641693811,0.9013972744181221,0.9015819273759051,0.9014341635471674,0.9021705795359319,0.902684166957349,0.9018729641693811,0.9095195991747717,0.916270783847981,0.9028671737858397,0.8633207070707071,0.8496427461944703,0.8774462624318254,0.9313515170088876,0.9388322520852641,0.923989054423837
esnli,bart-large,501,distance,minkowski,0.9045195439739414,0.9045195439739414,0.9045195439739414,0.9045195439739414,0.9043329702458118,0.9043945611822903,0.9042827973823071,0.9045466401010047,0.9045852305893077,0.9045195439739414,0.9114187881494714,0.9088479809976246,0.914004180352344,0.8688626476072094,0.8685927306616962,0.869132732359341,0.9327174749807545,0.9357429718875502,0.9297114794352364
esnli,bart-large,501,distance,cosine,0.902178338762215,0.902178338762215,0.902178338762215,0.902178338762215,0.9017211795346229,0.9018971639819927,0.9017415573634727,0.9024587432736401,0.9029307222479497,0.902178338762215,0.9097611324093188,0.9159738717339667,0.9036321031048623,0.8637653736991485,0.8508853681267474,0.8770413064361191,0.9316370324954015,0.9388322520852641,0.9245512625494372
esnli,bart-large,601,uniform,minkowski,0.9043159609120521,0.9043159609120521,0.9043159609120521,0.9043159609120521,0.9041139702112987,0.9041823005827933,0.9040575627755493,0.9043563704456912,0.9044087362222085,0.9043159609120521,0.9113095238095238,0.9091448931116389,0.9134844868735084,0.8682941999689007,0.8673501087294191,0.8692403486924035,0.9327381868554717,0.9360518999073216,0.9294478527607362
esnli,bart-large,601,uniform,cosine,0.9015675895765473,0.9015675895765473,0.9015675895765473,0.9015675895765473,0.9010780473624548,0.9012632612889978,0.9011227967889953,0.9018716520372977,0.9023999223669434,0.9015675895765473,0.9097068787744881,0.9168646080760094,0.9026600409237066,0.8626460372592359,0.8487107797452625,0.8770465489566613,0.9308812260536399,0.9382143960457213,0.9236618004866181
esnli,bart-large,601,distance,minkowski,0.9044177524429967,0.9044177524429967,0.9044177524429967,0.9044177524429967,0.9042272204972077,0.9042864282315822,0.904177579497289,0.9044484031723161,0.9044886660697458,0.9044177524429967,0.9113095238095238,0.9091448931116389,0.9134844868735084,0.8685110351258938,0.8679714196955576,0.8690513219284604,0.9328611025562057,0.9357429718875502,0.9299969296898987
esnli,bart-large,601,distance,cosine,0.9015675895765473,0.9015675895765473,0.9015675895765473,0.9015675895765473,0.9010927890676815,0.9012724235350346,0.9011300120547315,0.9018617724590696,0.9023674662679848,0.9015675895765473,0.9093855900987181,0.916270783847981,0.9026031003217315,0.8628688653937194,0.849332090711401,0.876844130853111,0.931023911710607,0.9382143960457213,0.923942804989352
esnli,bart-large,701,uniform,minkowski,0.9045195439739414,0.9045195439739414,0.9045195439739414,0.9045195439739414,0.9043382905300498,0.9043871263995515,0.9042980964950432,0.9045350778199008,0.9045593267594831,0.9045195439739414,0.9118785352783566,0.9094418052256532,0.9143283582089552,0.8687684423047057,0.8689033861447655,0.8686335403726708,0.9323678940070866,0.9348161878282361,0.9299323909035033
esnli,bart-large,701,uniform,cosine,0.9017711726384365,0.9017711726384365,0.9017711726384365,0.9017711726384365,0.9012830206510927,0.9014657838213589,0.9013392767000549,0.9020769259322764,0.9026156907242039,0.9017711726384365,0.9097334707701369,0.9171615201900237,0.9024247735904177,0.8632343651295009,0.8490214352283317,0.8779312560231288,0.9308812260536399,0.9382143960457213,0.9236618004866181
esnli,bart-large,701,distance,minkowski,0.9043159609120521,0.9043159609120521,0.9043159609120521,0.9043159609120521,0.9041191052157682,0.9041748658000545,0.904071653237729,0.90434705017669,0.9043864750954086,0.9043159609120521,0.9116334424278488,0.9097387173396675,0.913536076326774,0.8683351468988031,0.8676607642124884,0.8690105787181083,0.932388726320653,0.9351251158480074,0.9296683046683046
esnli,bart-large,701,distance,cosine,0.9015675895765473,0.9015675895765473,0.9015675895765473,0.9015675895765473,0.9011001604131028,0.9012729993561338,0.9011355258887682,0.90185456517589,0.9023447313282005,0.9015675895765473,0.9093855900987181,0.916270783847981,0.9026031003217315,0.862912131250986,0.8496427461944703,0.8766025641025641,0.9310027598896043,0.93790546802595,0.9242009132420091
esnli,bart-large,801,uniform,minkowski,0.9044177524429967,0.9044177524429967,0.9044177524429967,0.9044177524429967,0.9042041621723573,0.9042772659855456,0.9041448352067762,0.904463356581589,0.9045227609773198,0.9044177524429967,0.9119047619047618,0.9097387173396675,0.9140811455847255,0.8685643179343598,0.8673501087294191,0.8697819314641745,0.9321434066779506,0.9357429718875502,0.9285714285714286
esnli,bart-large,801,uniform,cosine,0.9018729641693811,0.9018729641693811,0.9018729641693811,0.9018729641693811,0.9014020267136559,0.9015653303471297,0.9014785170764346,0.9021702353800573,0.902701700815992,0.9018729641693811,0.9092246579373253,0.917458432304038,0.9011373578302713,0.8635502210991787,0.849332090711401,0.8782524895599101,0.9314312011044639,0.93790546802595,0.9250457038391224
esnli,bart-large,801,distance,minkowski,0.9044177524429967,0.9044177524429967,0.9044177524429967,0.9044177524429967,0.9042116233200005,0.904281847108564,0.9041544553669484,0.9044582156099293,0.9045117768003845,0.9044177524429967,0.9117428188718559,0.9094418052256532,0.9140555058191585,0.8686051935935314,0.8676607642124884,0.8695516811955168,0.9322868574946137,0.9357429718875502,0.9288561790861699
esnli,bart-large,801,distance,cosine,0.9023819218241043,0.9023819218241043,0.9023819218241043,0.9023819218241043,0.9019334684323629,0.9020836653066778,0.9019880275489066,0.9026553679357258,0.9031290224527202,0.9023819218241043,0.9098939929328621,0.917458432304038,0.9024532710280374,0.8643533123028392,0.8511960236098167,0.8779237423902595,0.9315531000613875,0.9375965400061785,0.9255870692284233
esnli,bart-large,901,uniform,minkowski,0.9045195439739414,0.9045195439739414,0.9045195439739414,0.9045195439739414,0.9043089704794033,0.9043728072093972,0.9042557945444737,0.9045593423010143,0.9046098138083274,0.9045195439739414,0.9122285034216008,0.9103325415676959,0.9141323792486583,0.8687402799377916,0.8676607642124884,0.8698224852071006,0.9319581280788176,0.9351251158480074,0.9288125191776618
esnli,bart-large,901,uniform,cosine,0.902178338762215,0.902178338762215,0.902178338762215,0.902178338762215,0.9017125374956407,0.9018673994052615,0.9017982738555145,0.9024709242539801,0.9029986647805341,0.902178338762215,0.909545521400206,0.9180522565320665,0.9011949868842903,0.8641819330385344,0.8499534016775396,0.8788949566334725,0.9314101580481816,0.9375965400061785,0.9253048780487805
esnli,bart-large,901,distance,minkowski,0.9047231270358306,0.9047231270358306,0.9047231270358306,0.9047231270358306,0.9045077995839712,0.9045747539206591,0.9044523095221049,0.9047683040616576,0.9048249381584865,0.9047231270358306,0.912390301948535,0.9106294536817102,0.9141579731743666,0.8690105787181083,0.8676607642124884,0.870364599563727,0.9321225180852701,0.9354340438677788,0.9288343558282208
esnli,bart-large,901,distance,cosine,0.902178338762215,0.902178338762215,0.902178338762215,0.902178338762215,0.9017312886482527,0.9018851480762357,0.9017819068522809,0.9024535457174366,0.9029286158889327,0.902178338762215,0.9094389633338241,0.9168646080760094,0.9021326321939819,0.86403785488959,0.8508853681267474,0.8776033322652996,0.9317170477213442,0.93790546802595,0.925609756097561
esnli,bart-large,1001,uniform,minkowski,0.9042141693811075,0.9042141693811075,0.9042141693811075,0.9042141693811075,0.9039978653963949,0.9040587222455082,0.903946571801563,0.9042548792015224,0.9043051449442773,0.9042141693811075,0.9122546103509817,0.9106294536817102,0.91388557806913,0.8682532275626068,0.8670394532463498,0.8694704049844236,0.9314857582755967,0.9345072598084646,0.9284837323511357
esnli,bart-large,1001,uniform,cosine,0.9018729641693811,0.9018729641693811,0.9018729641693811,0.9018729641693811,0.901379153921344,0.9015510111569753,0.9014905920806774,0.902193493497476,0.9027904653066452,0.9018729641693811,0.9091710758377426,0.9183491686460807,0.9001746216530849,0.8635141546734144,0.848089468779124,0.8795103092783505,0.9314522312528754,0.9382143960457213,0.9247868453105969
esnli,bart-large,1001,distance,minkowski,0.9043159609120521,0.9043159609120521,0.9043159609120521,0.9043159609120521,0.90409860019659,0.9041657035540177,0.9040429567964767,0.9043612911293305,0.9044180741135648,0.9043159609120521,0.9120928157072736,0.9103325415676959,0.9138599105812221,0.8683883011823272,0.8670394532463498,0.869741352446245,0.9318146837001692,0.9351251158480074,0.9285276073619632
esnli,bart-large,1001,distance,cosine,0.9025855048859935,0.9025855048859935,0.9025855048859935,0.9025855048859935,0.9021093491289784,0.9022833087335425,0.902183996021399,0.9028902946417111,0.9034375525004721,0.9025855048859935,0.9097866077998529,0.9177553444180523,0.9019550627370878,0.8644549763033175,0.8499534016775396,0.8794599807135969,0.9320864632837651,0.9391411801050356,0.9251369446135118
esnli,deberta-large,1,uniform,minkowski,0.8743892508143323,0.8743892508143323,0.8743892508143323,0.8743892508143323,0.8744031359866004,0.8743966950975507,0.8744782277221311,0.8742781525418744,0.8742360870820021,0.8743892508143323,0.8745884465728824,0.8675771971496437,0.8817139408569704,0.8226950354609928,0.8288288288288288,0.8166513621059076,0.9259259259259259,0.9267840593141798,0.9250693802035153
esnli,deberta-large,1,uniform,cosine,0.8746946254071661,0.8746946254071661,0.8746946254071661,0.8746946254071661,0.8746865784939493,0.8746919051940432,0.8747625375072517,0.8745840533655973,0.874555178745304,0.8746946254071661,0.8765727980826842,0.8687648456057007,0.8845223700120919,0.8236744759556104,0.8300714507611059,0.8173753441419395,0.9238124614435533,0.9252394192153228,0.922389898367724
esnli,deberta-large,1,distance,minkowski,0.8743892508143323,0.8743892508143323,0.8743892508143323,0.8743892508143323,0.8744031359866004,0.8743966950975507,0.8744782277221311,0.8742781525418744,0.8742360870820021,0.8743892508143323,0.8745884465728824,0.8675771971496437,0.8817139408569704,0.8226950354609928,0.8288288288288288,0.8166513621059076,0.9259259259259259,0.9267840593141798,0.9250693802035153
esnli,deberta-large,1,distance,cosine,0.8746946254071661,0.8746946254071661,0.8746946254071661,0.8746946254071661,0.8746865784939493,0.8746919051940432,0.8747625375072517,0.8745840533655973,0.874555178745304,0.8746946254071661,0.8765727980826842,0.8687648456057007,0.8845223700120919,0.8236744759556104,0.8300714507611059,0.8173753441419395,0.9238124614435533,0.9252394192153228,0.922389898367724
esnli,deberta-large,3,uniform,minkowski,0.9001425081433225,0.9001425081433225,0.9001425081433225,0.9001425081433225,0.9001826075030221,0.9000163076478988,0.9003912416044596,0.9000119956884408,0.8999232423303372,0.9001425081433225,0.9014501331754956,0.9043942992874109,0.8985250737463126,0.860061919504644,0.8630009319664492,0.8571428571428571,0.9390357698289268,0.9326536916898363,0.9455057939242092
esnli,deberta-large,3,uniform,cosine,0.9020765472312704,0.9020765472312703,0.9020765472312704,0.9020765472312704,0.9020873154895709,0.9019545527268202,0.902247874821322,0.9019854977647597,0.9019220824534198,0.9020765472312704,0.9026627218934912,0.9058788598574822,0.8994693396226415,0.8624592960148861,0.863932898415657,0.8609907120743034,0.9411399285603355,0.9360518999073216,0.9462835727670206
esnli,deberta-large,3,distance,minkowski,0.9011604234527687,0.9011604234527687,0.9011604234527687,0.9011604234527687,0.901167483325288,0.9011079001516631,0.901268497596376,0.9010370506477648,0.9009552017460102,0.9011604234527687,0.9042648374589919,0.9002375296912114,0.908328340323547,0.8602283245911757,0.866107486797142,0.8544284400858106,0.9390092879256965,0.9369786839666358,0.9410487123797704
esnli,deberta-large,3,distance,cosine,0.902992671009772,0.902992671009772,0.902992671009772,0.902992671009772,0.9029568331985877,0.9029385881009757,0.9029952617471014,0.9029227068516718,0.9028730036867971,0.902992671009772,0.905379228132916,0.9020190023752969,0.9087645827101406,0.8628421215401267,0.8667287977632805,0.8589901477832512,0.9406491499227203,0.9400679641643497,0.9412310547479121
esnli,deberta-large,5,uniform,minkowski,0.9098127035830619,0.9098127035830619,0.9098127035830619,0.9098127035830619,0.9098319378701886,0.9096910377968347,0.9100153541036157,0.9096717332107488,0.9095726001785405,0.9098127035830619,0.9136498516320475,0.9141923990498813,0.9131079478054567,0.871177015755329,0.8760484622553588,0.8663594470046083,0.9446689462231893,0.9388322520852641,0.950578667500782
esnli,deberta-large,5,uniform,cosine,0.9094055374592834,0.9094055374592834,0.9094055374592834,0.9094055374592834,0.9094065521458523,0.909277406307175,0.9095703057316128,0.9092810421732308,0.9091905947448969,0.9094055374592834,0.9133788193414416,0.9141923990498813,0.9125666864256076,0.8709228628845262,0.875116495806151,0.8667692307692307,0.9439179742115893,0.9385233240654928,0.949375
esnli,deberta-large,5,distance,minkowski,0.9091001628664495,0.9091001628664495,0.9091001628664495,0.9091001628664495,0.9091137214246,0.9090405991677225,0.9092373850251377,0.9089633213402109,0.908877070930464,0.9091001628664495,0.9130758908602951,0.9091448931116389,0.9170410302485774,0.870664405734546,0.8772910841876359,0.8641370869033048,0.9436008676789587,0.9406858202038925,0.9465340379235312
esnli,deberta-large,5,distance,cosine,0.9089983713355049,0.9089983713355049,0.9089983713355049,0.9089983713355049,0.9089989381161452,0.9089324662170144,0.9091101146905313,0.9088706484022832,0.9087876724611359,0.9089983713355049,0.9132379248658319,0.9094418052256532,0.917065868263473,0.8704503392967303,0.8766697732214973,0.8643185298621746,0.9433085501858736,0.9406858202038925,0.9459459459459459
esnli,deberta-large,7,uniform,minkowski,0.9124592833876222,0.9124592833876222,0.9124592833876222,0.9124592833876222,0.9124892693403296,0.9123793545690734,0.9126442785890605,0.9123197239671879,0.912224847031978,0.9124592833876222,0.9156877323420074,0.9141923990498813,0.9171879654453381,0.8759642085775995,0.8819509164336751,0.8700582286239656,0.9458158671013819,0.9409947482236639,0.9506866416978776
esnli,deberta-large,7,uniform,cosine,0.9126628664495114,0.9126628664495114,0.9126628664495114,0.9126628664495114,0.9126868894731933,0.9125978983091109,0.9128161251667475,0.9125351769833728,0.9124474957818526,0.9126628664495114,0.9154761904761906,0.9133016627078385,0.9176610978520287,0.8764079617343001,0.8822615719167444,0.8706315144083384,0.9461765162090894,0.9422304603027495,0.9501557632398754
esnli,deberta-large,7,distance,minkowski,0.9121539087947883,0.9121539087947883,0.9121539087947883,0.9121539087947883,0.9121774056019518,0.9121064742665735,0.9123010784826651,0.9120187843577744,0.9119364460166741,0.9121539087947883,0.915461458178023,0.911520190023753,0.9194369571728063,0.875154130702836,0.8819509164336751,0.8684613031508106,0.9459166279249962,0.9428483163422923,0.9490049751243781
esnli,deberta-large,7,distance,cosine,0.9122557003257329,0.9122557003257329,0.9122557003257329,0.9122557003257329,0.9122833674746125,0.9122397906709944,0.912389525468655,0.9121287893249609,0.9120647242194315,0.9122557003257329,0.9147379423622517,0.9094418052256532,0.9200961249624512,0.8759821291018334,0.8831935383659522,0.8688875305623472,0.9461300309597523,0.9440840284213778,0.9481849208811666
esnli,deberta-large,9,uniform,minkowski,0.9136807817589576,0.9136807817589576,0.9136807817589576,0.9136807817589576,0.9136897471948661,0.9136116626131153,0.9138091806403658,0.9135580903970377,0.9134765816067041,0.9136807817589576,0.9173738276016078,0.9147862232779097,0.9199761122723201,0.8784325825362542,0.8844361602982292,0.8725099601593626,0.945262831446736,0.9416126042632067,0.9489414694894147
esnli,deberta-large,9,uniform,cosine,0.913578990228013,0.913578990228013,0.913578990228013,0.913578990228013,0.9135558684127373,0.9134892104722527,0.913647639406643,0.9134809856217248,0.9134079237806504,0.913578990228013,0.917745054291239,0.9159738717339667,0.9195230998509687,0.8779357231149567,0.8825722273998136,0.873347679065478,0.9449868278320159,0.941921532282978,0.9480721393034826
esnli,deberta-large,9,distance,minkowski,0.9130700325732899,0.9130700325732899,0.9130700325732899,0.9130700325732899,0.913085667479749,0.9130338595927631,0.9131914006288383,0.9129464722986429,0.9128769770222461,0.9130700325732899,0.9163061315828732,0.9118171021377672,0.9208395802098951,0.8776202219482121,0.8844361602982292,0.8709085347200979,0.9453306489081617,0.9428483163422923,0.9478260869565217
esnli,deberta-large,9,distance,cosine,0.9134771986970684,0.9134771986970684,0.9134771986970684,0.9134771986970684,0.9134723946459054,0.9134291665903493,0.9135619733313249,0.9133648625923761,0.9132990044565783,0.9134771986970684,0.9173627684964201,0.9130047505938242,0.9217625899280576,0.8778531770512029,0.88412550481516,0.8716692189892803,0.9452012383900928,0.9431572443620636,0.9472541110766367
esnli,deberta-large,11,uniform,minkowski,0.9175488599348535,0.9175488599348535,0.9175488599348535,0.9175488599348535,0.9175742757309755,0.9174767635778524,0.9177372239219318,0.9173984759042542,0.9173133054559871,0.9175488599348535,0.9222520107238606,0.9192399049881235,0.9252839210998207,0.8834129062066842,0.8909599254426841,0.87599266951741,0.9470579102623816,0.9422304603027495,0.9519350811485643
esnli,deberta-large,11,uniform,cosine,0.9162255700325733,0.9162255700325733,0.9162255700325733,0.9162255700325733,0.9162127487661235,0.9161311656389848,0.9163315931563165,0.916109108666071,0.9160296492675087,0.9162255700325733,0.9211544183278786,0.9192399049881235,0.9230769230769231,0.8816175335699954,0.8872320596458527,0.8760736196319019,0.9458662944004964,0.941921532282978,0.9498442367601246
esnli,deberta-large,11,distance,minkowski,0.9169381107491856,0.9169381107491856,0.9169381107491856,0.9169381107491856,0.9169317337586991,0.9168794844232281,0.9170334094969386,0.9168196763781026,0.9167507473698514,0.9169381107491856,0.9215627796003578,0.917458432304038,0.9257040143798682,0.8825161887141535,0.8890959925442684,0.8760330578512396,0.9467162329615861,0.9440840284213778,0.949363156259708
esnli,deberta-large,11,distance,cosine,0.9159201954397395,0.9159201954397395,0.9159201954397395,0.9159201954397395,0.9158922586815641,0.9158531283923672,0.9159700902037295,0.9158181224054016,0.9157548336157233,0.9159201954397395,0.9208289846429103,0.9168646080760094,0.9248277927523211,0.8808641975308643,0.8866107486797142,0.8751916590003067,0.9459835938709178,0.9440840284213778,0.9478908188585607
esnli,deberta-large,101,uniform,minkowski,0.9205008143322475,0.9205008143322476,0.9205008143322475,0.9205008143322475,0.9204703419122575,0.9204138525037487,0.9205425546632054,0.920425612198762,0.9203659692857297,0.9205008143322475,0.9237628176549264,0.9228028503562945,0.9247247842903897,0.8867574257425742,0.8903386144765455,0.8832049306625578,0.9508907823392719,0.9481000926784059,0.9536979490366687
esnli,deberta-large,101,uniform,cosine,0.9203990228013029,0.9203990228013029,0.9203990228013029,0.9203990228013029,0.9203563519349597,0.9203057195530406,0.9204193565767268,0.9203321955879252,0.9202776056423437,0.9203990228013029,0.9239227340267457,0.9230997624703088,0.9247471743010113,0.8865500696486612,0.889717303510407,0.8834053053670574,0.9505962521294719,0.9481000926784059,0.9531055900621118
esnli,deberta-large,101,distance,minkowski,0.9208061889250815,0.9208061889250815,0.9208061889250815,0.9208061889250815,0.9207766302415935,0.9207239321657186,0.9208467090496791,0.92072873278803,0.9206685145598804,0.9208061889250815,0.9241748438893844,0.9228028503562945,0.9255509231685527,0.8871017630683575,0.8909599254426841,0.8832768709578072,0.9510532837670385,0.9484090206981773,0.9537123330226779
esnli,deberta-large,101,distance,cosine,0.9210097719869706,0.9210097719869706,0.9210097719869706,0.9210097719869706,0.9209787970986248,0.9209264546980798,0.9210474916959139,0.9209347431323108,0.9208759207502234,0.9210097719869706,0.9243347703285267,0.9230997624703088,0.9255730872283418,0.8875483372003093,0.8912705809257533,0.8838570548367222,0.9510532837670385,0.9484090206981773,0.9537123330226779
esnli,deberta-large,201,uniform,minkowski,0.9208061889250815,0.9208061889250815,0.9208061889250815,0.9208061889250815,0.9208251252293543,0.9207451357632884,0.9209462004710515,0.9206888268053939,0.9206122831617161,0.9208061889250815,0.9236720726082428,0.9216152019002375,0.9257381449448255,0.887825952785064,0.8937558247903076,0.8819742489270386,0.9509773502947563,0.9468643805993203,0.9551262075412901
esnli,deberta-large,201,uniform,cosine,0.9200936482084691,0.9200936482084691,0.9200936482084691,0.9200936482084691,0.9201034944625182,0.9200208487905593,0.9202172525205526,0.9199882531400296,0.9199136435078052,0.9200936482084691,0.9227110582639715,0.9216152019002375,0.9238095238095239,0.88693234476367,0.8918918918918919,0.8820276497695853,0.9506670803599131,0.946555452579549,0.954814583982549
esnli,deberta-large,201,distance,minkowski,0.9206026058631922,0.9206026058631922,0.9206026058631922,0.9206026058631922,0.9206165538640648,0.9205426132309272,0.920732480784149,0.9204854862682575,0.9204101572005073,0.9206026058631922,0.9237868413218219,0.9213182897862233,0.9262686567164179,0.8873804381363776,0.8934451693072383,0.8813974869751762,0.950682382133995,0.9468643805993203,0.9545312986608533
esnli,deberta-large,201,distance,cosine,0.9202972312703583,0.9202972312703583,0.9202972312703583,0.9202972312703583,0.9203048723300568,0.9202353872286778,0.9204061648533907,0.920193374163141,0.9201211139895669,0.9202972312703583,0.9229396013091342,0.921021377672209,0.924865831842576,0.8869672637430512,0.8922025473749612,0.881793061099171,0.9510077519379846,0.9474822366388631,0.9545596016184251
esnli,deberta-large,301,uniform,minkowski,0.9203990228013029,0.9203990228013029,0.9203990228013029,0.9203990228013029,0.9204097657913478,0.9203309284525294,0.92052456997093,0.9202872310601043,0.9202111352008792,0.9203990228013029,0.9233972928752044,0.9216152019002375,0.9251862891207153,0.8870021611608521,0.8925132028580305,0.8815587603559374,0.9508298433379866,0.9468643805993203,0.9548286604361371
esnli,deberta-large,301,uniform,cosine,0.9203990228013029,0.9203990228013029,0.9203990228013029,0.9203990228013029,0.9204013351387584,0.9203223420275921,0.9205121155247232,0.9202933136193882,0.9202190967805317,0.9203990228013029,0.9235801367826346,0.922209026128266,0.9249553305539011,0.8871042471042472,0.8922025473749612,0.8820638820638821,0.9505196215293935,0.946555452579549,0.9545171339563863
esnli,deberta-large,301,distance,minkowski,0.9205008143322475,0.9205008143322476,0.9205008143322475,0.9205008143322475,0.9205093142874404,0.9204344802802192,0.9206196787903341,0.920391144581092,0.9203167617682674,0.9205008143322475,0.923534662302886,0.9216152019002375,0.9254621347644604,0.88731089842544,0.8928238583410997,0.8818656029456888,0.950682382133995,0.9468643805993203,0.9545312986608533
esnli,deberta-large,301,distance,cosine,0.9207043973941368,0.9207043973941368,0.9207043973941368,0.9207043973941368,0.920703682753094,0.9206272647454444,0.9208088078013729,0.9206035613859807,0.9205311512306441,0.9207043973941368,0.9237401516277688,0.9225059382422803,0.9249776719261685,0.8873783408002472,0.8922025473749612,0.8826060233558697,0.9509925558312656,0.9471733086190918,0.9548427281220804
esnli,deberta-large,401,uniform,minkowski,0.9203990228013029,0.9203990228013029,0.9203990228013029,0.9203990228013029,0.9204029646742184,0.9203315042736288,0.920512732017991,0.9202866874622514,0.9202124651164021,0.9203990228013029,0.9239470159249888,0.9216152019002375,0.9262906595046255,0.8870370370370371,0.8928238583410997,0.8813247470101196,0.9502248410606295,0.946555452579549,0.9539227895392279
esnli,deberta-large,401,uniform,cosine,0.9205008143322475,0.9205008143322476,0.9205008143322475,0.9205008143322475,0.9204996445665962,0.92043390445912,0.9205983751055294,0.9203967231200878,0.9203254464151894,0.9205008143322475,0.9238095238095237,0.9216152019002375,0.9260143198090692,0.8871391076115485,0.8925132028580305,0.88182934315531,0.9505503022787164,0.9471733086190918,0.9539514623522091
esnli,deberta-large,401,distance,minkowski,0.9205008143322475,0.9205008143322476,0.9205008143322475,0.9205008143322475,0.9205028531403036,0.9204344802802192,0.9206076273122946,0.9203917818716488,0.9203189713584382,0.9205008143322475,0.9239470159249888,0.9216152019002375,0.9262906595046255,0.887173946596697,0.8928238583410997,0.8815950920245399,0.9503875968992249,0.9468643805993203,0.9539371304077187
esnli,deberta-large,401,distance,cosine,0.9206026058631922,0.9206026058631922,0.9206026058631922,0.9206026058631922,0.9206019878580474,0.9205328751637913,0.9207029147825926,0.9204990888017242,0.9204271755604182,0.9206026058631922,0.923832192799762,0.9219121140142518,0.9257602862254025,0.8872760963557752,0.8925132028580305,0.8821000921093031,0.9506976744186048,0.9471733086190918,0.954248366013072
esnli,deberta-large,501,uniform,minkowski,0.9209079804560261,0.9209079804560261,0.9209079804560261,0.9209079804560261,0.9209276828701425,0.9208441064679599,0.921052825100689,0.9207888967367069,0.9207110814161649,0.9209079804560261,0.923832192799762,0.9219121140142518,0.9257602862254025,0.887825952785064,0.8937558247903076,0.8819742489270386,0.9511249030256013,0.9468643805993203,0.955423940149626
esnli,deberta-large,501,uniform,cosine,0.9199918566775245,0.9199918566775245,0.9199918566775245,0.9199918566775245,0.9199971792305882,0.9199172969628697,0.9201088344484223,0.9198852868445617,0.9198101950843318,0.9199918566775245,0.9229854296758846,0.9216152019002375,0.9243597379392495,0.8864864864864864,0.8915812364088226,0.8814496314496314,0.9505196215293935,0.946555452579549,0.9545171339563863
esnli,deberta-large,501,distance,minkowski,0.9210097719869706,0.9210097719869706,0.9210097719869706,0.9210097719869706,0.9210203714217013,0.920942501351532,0.9211357378530959,0.9208968264695433,0.9208211162706723,0.9210097719869706,0.9241297232966379,0.922209026128266,0.9260584376863447,0.8877913258218861,0.8934451693072383,0.8822085889570552,0.9511400651465799,0.9471733086190918,0.9551401869158879
esnli,deberta-large,501,distance,cosine,0.9202972312703583,0.9202972312703583,0.9202972312703583,0.9202972312703583,0.9203022172876335,0.9202233713229205,0.9204128500889479,0.9201916734288108,0.9201176074809734,0.9202972312703583,0.9232827832292596,0.9219121140142518,0.9246575342465754,0.8871042471042472,0.8922025473749612,0.8820638820638821,0.9505196215293935,0.946555452579549,0.9545171339563863
esnli,deberta-large,601,uniform,minkowski,0.9206026058631922,0.9206026058631922,0.9206026058631922,0.9206026058631922,0.9206190141019381,0.9205386079290082,0.920742130255598,0.9204827518651755,0.9204053533740724,0.9206026058631922,0.9238095238095237,0.9216152019002375,0.9260143198090692,0.8873804381363776,0.8934451693072383,0.8813974869751762,0.9506670803599131,0.946555452579549,0.954814583982549
esnli,deberta-large,601,uniform,cosine,0.9202972312703583,0.9202972312703583,0.9202972312703583,0.9202972312703583,0.9203057091107413,0.9202233713229205,0.9204217264427651,0.9201879707827699,0.9201120748155415,0.9202972312703583,0.9232827832292596,0.9219121140142518,0.9246575342465754,0.8869672637430512,0.8922025473749612,0.881793061099171,0.9506670803599131,0.946555452579549,0.954814583982549
esnli,deberta-large,601,distance,minkowski,0.9207043973941368,0.9207043973941368,0.9207043973941368,0.9207043973941368,0.9207147076062924,0.9206375786336797,0.9208324905519018,0.9205880243457647,0.920512067511842,0.9207043973941368,0.9241071428571429,0.9219121140142518,0.9263126491646778,0.8875173584323407,0.8934451693072383,0.8816676885346413,0.9505196215293935,0.946555452579549,0.9545171339563863
esnli,deberta-large,601,distance,cosine,0.9203990228013029,0.9203990228013029,0.9203990228013029,0.9203990228013029,0.9204055206022371,0.9203269231506104,0.9205200820087279,0.9202874605321981,0.9202115913489911,0.9203990228013029,0.9236947791164659,0.9219121140142518,0.9254843517138599,0.8870021611608521,0.8925132028580305,0.8815587603559374,0.9505196215293935,0.946555452579549,0.9545171339563863
esnli,deberta-large,701,uniform,minkowski,0.9200936482084691,0.9200936482084691,0.9200936482084691,0.9200936482084691,0.9201196904665553,0.9200391732826327,0.92024633999848,0.9199695620603708,0.9198913822273705,0.9200936482084691,0.9228937183685622,0.9204275534441805,0.9253731343283582,0.8867982726711906,0.893134513824169,0.8805513016845329,0.9506670803599131,0.946555452579549,0.954814583982549
esnli,deberta-large,701,uniform,cosine,0.9199918566775245,0.9199918566775245,0.9199918566775245,0.9199918566775245,0.9200077855177344,0.9199224539069872,0.9201315759777806,0.9198752364238192,0.9197967564894853,0.9199918566775245,0.9229625223081499,0.9213182897862233,0.9246126340882003,0.8865565673715079,0.8922025473749612,0.8809815950920246,0.9505042668735453,0.9462465245597775,0.9548004987531172
esnli,deberta-large,701,distance,minkowski,0.9199918566775245,0.9199918566775245,0.9199918566775245,0.9199918566775245,0.9200135192362061,0.9199356214549431,0.9201372015078624,0.919868531698019,0.9197907956788074,0.9199918566775245,0.9230311150811373,0.9204275534441805,0.9256494475962974,0.8864898210980876,0.8928238583410997,0.8802450229709036,0.9505196215293935,0.946555452579549,0.9545171339563863
esnli,deberta-large,701,distance,cosine,0.9200936482084691,0.9200936482084691,0.9200936482084691,0.9200936482084691,0.9201028626172544,0.9200168434886405,0.9202245008709841,0.9199805012418865,0.9199026377678551,0.9200936482084691,0.9232827832292596,0.9219121140142518,0.9246575342465754,0.8865215377489579,0.8918918918918919,0.8812154696132597,0.9505042668735453,0.9462465245597775,0.9548004987531172
esnli,deberta-large,801,uniform,minkowski,0.9203990228013029,0.9203990228013029,0.9203990228013029,0.9203990228013029,0.9204139726089284,0.9203355095755478,0.9205330728798149,0.9202813574436044,0.9202040915101697,0.9203990228013029,0.9235119047619048,0.9213182897862233,0.9257159904534606,0.8869001697268939,0.8928238583410997,0.8810545677498467,0.9508298433379866,0.9468643805993203,0.9548286604361371
esnli,deberta-large,801,uniform,cosine,0.9205008143322475,0.9205008143322476,0.9205008143322475,0.9205008143322475,0.9205158072250482,0.9204350561013185,0.92063604005254,0.920384790054774,0.9203079686565333,0.9205008143322475,0.923534662302886,0.9216152019002375,0.9254621347644604,0.8873456790123457,0.893134513824169,0.8816314014106102,0.9506670803599131,0.946555452579549,0.954814583982549
esnli,deberta-large,801,distance,minkowski,0.9205008143322475,0.9205008143322476,0.9205008143322475,0.9205008143322475,0.9205129843277554,0.9204344802802192,0.9206305174636942,0.9203851826494456,0.9203083301858348,0.9205008143322475,0.9236720726082428,0.9216152019002375,0.9257381449448255,0.8870370370370371,0.8928238583410997,0.8813247470101196,0.9508298433379866,0.9468643805993203,0.9548286604361371
esnli,deberta-large,801,distance,cosine,0.9203990228013029,0.9203990228013029,0.9203990228013029,0.9203990228013029,0.9204158977520164,0.920332080094728,0.9205412538866072,0.9202797164008474,0.9202016512678747,0.9203990228013029,0.923534662302886,0.9216152019002375,0.9254621347644604,0.8872087640796175,0.893134513824169,0.881361128142244,0.9505042668735453,0.9462465245597775,0.9548004987531172
esnli,deberta-large,901,uniform,minkowski,0.9200936482084691,0.9200936482084691,0.9200936482084691,0.9200936482084691,0.9201109913512421,0.9200260057346771,0.9202374964713615,0.919973203082068,0.9198939802986213,0.9200936482084691,0.9232371318060102,0.9213182897862233,0.9251639833035182,0.8865915753741707,0.8925132028580305,0.8807480073574494,0.9505042668735453,0.9462465245597775,0.9548004987531172
esnli,deberta-large,901,uniform,cosine,0.9200936482084691,0.9200936482084691,0.9200936482084691,0.9200936482084691,0.9200947294309354,0.9200248540924786,0.9201993986792045,0.9199852348668311,0.9199114248681507,0.9200936482084691,0.9235119047619048,0.9213182897862233,0.9257159904534606,0.8863846866316765,0.8918918918918919,0.8809450751764345,0.9503875968992249,0.9468643805993203,0.9539371304077187
esnli,deberta-large,901,distance,minkowski,0.9199918566775245,0.9199918566775245,0.9199918566775245,0.9199918566775245,0.9200119959507834,0.9199270350300056,0.9201400835279498,0.9198693624553235,0.9197897100008587,0.9199918566775245,0.9230769230769231,0.921021377672209,0.9251416641813301,0.8864547979018821,0.8925132028580305,0.8804780876494024,0.9505042668735453,0.9462465245597775,0.9548004987531172
esnli,deberta-large,901,distance,cosine,0.9202972312703583,0.9202972312703583,0.9202972312703583,0.9202972312703583,0.9202992750442504,0.9202233713229205,0.9204106910637382,0.920186502892778,0.9201110434173178,0.9202972312703583,0.923832192799762,0.9219121140142518,0.9257602862254025,0.8866934238962644,0.8922025473749612,0.8812519177661859,0.9503722084367247,0.946555452579549,0.9542198691996263
esnli,deberta-large,1001,uniform,minkowski,0.9197882736156352,0.9197882736156352,0.9197882736156352,0.9197882736156352,0.9198094266896168,0.9197210830168249,0.9199482657710863,0.9196559371826357,0.9195738384449796,0.9197882736156352,0.9234891336707354,0.921021377672209,0.9259701492537313,0.8859081097748998,0.8925132028580305,0.879400061218243,0.9500310366232153,0.9456286685202347,0.9544745868412847
esnli,deberta-large,1001,uniform,cosine,0.9195846905537459,0.9195846905537459,0.9195846905537459,0.9195846905537459,0.9195854016502315,0.9195088224173276,0.9196974611925407,0.9194733214704663,0.9193971895022376,0.9195846905537459,0.9232371318060102,0.9213182897862233,0.9251639833035182,0.8857672121025008,0.8912705809257533,0.8803313899969316,0.9497518610421837,0.9459375965400062,0.9535970102771723
esnli,deberta-large,1001,distance,minkowski,0.9198900651465798,0.9198900651465798,0.9198900651465798,0.9198900651465798,0.9199097852474888,0.9198286401464335,0.9200407003356584,0.9197611848669179,0.9196818814318087,0.9198900651465798,0.9234663490172722,0.9207244655581948,0.9262246117084827,0.8862164662349675,0.8928238583410997,0.8797061524334252,0.9500465404902264,0.9459375965400062,0.954191336865067
esnli,deberta-large,1001,distance,cosine,0.9196864820846905,0.9196864820846905,0.9196864820846905,0.9196864820846905,0.9196887449799637,0.9196123742450174,0.9198037100462634,0.9195711504906563,0.9194941919566928,0.9196864820846905,0.9235119047619048,0.9213182897862233,0.9257159904534606,0.8858024691358025,0.8915812364088226,0.880098129408157,0.9497518610421837,0.9459375965400062,0.9535970102771723
esnli,flan-t5-large,1,uniform,minkowski,0.8589169381107492,0.8589169381107492,0.8589169381107492,0.8589169381107492,0.8587870143685702,0.8588625955696415,0.8588447121077533,0.8588403235045121,0.8588972024414435,0.8589169381107492,0.8671475804027653,0.8565914489311164,0.8779671332927571,0.8069093152375076,0.8126747437092264,0.8012251148545176,0.9023041474654377,0.907321594068582,0.8973418881759854
esnli,flan-t5-large,1,uniform,cosine,0.8665513029315961,0.866551302931596,0.8665513029315961,0.8665513029315961,0.8664793787824062,0.8665155553215614,0.8665448091311513,0.8664547492927682,0.8664601640203318,0.8665513029315961,0.8724872487248725,0.8634204275534442,0.881746513038205,0.818251888392169,0.8244796520658589,0.8121175030599755,0.908698999230177,0.9116465863453815,0.9057704112952731
esnli,flan-t5-large,1,distance,minkowski,0.8589169381107492,0.8589169381107492,0.8589169381107492,0.8589169381107492,0.8587870143685702,0.8588625955696415,0.8588447121077533,0.8588403235045121,0.8588972024414435,0.8589169381107492,0.8671475804027653,0.8565914489311164,0.8779671332927571,0.8069093152375076,0.8126747437092264,0.8012251148545176,0.9023041474654377,0.907321594068582,0.8973418881759854
esnli,flan-t5-large,1,distance,cosine,0.8665513029315961,0.866551302931596,0.8665513029315961,0.8665513029315961,0.8664793787824062,0.8665155553215614,0.8665448091311513,0.8664547492927682,0.8664601640203318,0.8665513029315961,0.8724872487248725,0.8634204275534442,0.881746513038205,0.818251888392169,0.8244796520658589,0.8121175030599755,0.908698999230177,0.9116465863453815,0.9057704112952731
esnli,flan-t5-large,3,uniform,minkowski,0.8921009771986971,0.8921009771986971,0.8921009771986971,0.8921009771986971,0.8918976675904283,0.891941680356705,0.8918612450291441,0.8921632857346542,0.8922330827249655,0.8921009771986971,0.8967971530249111,0.8978622327790974,0.8957345971563981,0.8505997818974917,0.848089468779124,0.853125,0.9282960678488821,0.9298733395118938,0.9267241379310345
esnli,flan-t5-large,3,uniform,cosine,0.8926099348534202,0.8926099348534202,0.8926099348534202,0.8926099348534202,0.8925166075632945,0.8925052507253373,0.8925325980527016,0.8925740218672379,0.8925427551094932,0.8926099348534202,0.8964901844140393,0.8948931116389549,0.898092967818832,0.8508989460632362,0.8527493010251631,0.8490566037735849,0.9301606922126081,0.9298733395118938,0.9304482225656878
esnli,flan-t5-large,3,distance,minkowski,0.8919991856677525,0.8919991856677526,0.8919991856677525,0.8919991856677525,0.8917898147480319,0.8919131285148305,0.8917067897062632,0.8920535376526337,0.8921485060673102,0.8919991856677525,0.8978799641684084,0.892814726840855,0.903003003003003,0.8515066790928861,0.851506679092886,0.851506679092886,0.925982800982801,0.9314179796107507,0.9206106870229007
esnli,flan-t5-large,3,distance,cosine,0.8926099348534202,0.8926099348534202,0.8926099348534202,0.8926099348534202,0.8925032378034382,0.8925716642862151,0.8925115462382577,0.8925603421053743,0.8925878374870037,0.8926099348534202,0.8985767790262174,0.8904394299287411,0.9068642273964318,0.8514056224899598,0.8561665113389252,0.8466973886328725,0.9275273118941375,0.9311090515909793,0.923973022685469
esnli,flan-t5-large,5,uniform,minkowski,0.9022801302931596,0.9022801302931596,0.9022801302931596,0.9022801302931596,0.9020858947588445,0.9021421802479278,0.9020389884214635,0.9023440372824885,0.9024171827783531,0.9022801302931596,0.906797269219353,0.9070665083135392,0.9065281899109793,0.8652438074466429,0.8626902764833799,0.8678125,0.9342166076105377,0.9366697559468644,0.9317762753534112
esnli,flan-t5-large,5,uniform,cosine,0.9003460912052117,0.9003460912052117,0.9003460912052117,0.9003460912052117,0.9002643096207961,0.9002691970876858,0.9002703513755557,0.9003086824451824,0.9002822767328228,0.9003460912052117,0.9039463886820551,0.9011282660332541,0.9067821930086645,0.8620102214650767,0.8645542093817956,0.8594811612106238,0.9348363187152563,0.9351251158480074,0.9345476999073788
esnli,flan-t5-large,5,distance,minkowski,0.9016693811074918,0.9016693811074918,0.9016693811074918,0.9016693811074918,0.9014538042782728,0.9015649530486748,0.901369283741131,0.9017449948049312,0.9018472944546055,0.9016693811074918,0.9069247952345495,0.9040973871733967,0.9097699432327457,0.864881693648817,0.8630009319664492,0.8667706708268331,0.9325549239514518,0.9375965400061785,0.9275672371638142
esnli,flan-t5-large,5,distance,cosine,0.9006514657980456,0.9006514657980456,0.9006514657980456,0.9006514657980456,0.9005429551226977,0.9005952979573318,0.9005237059945972,0.9006258763243711,0.90063363173005,0.9006514657980456,0.9053166069295102,0.8999406175771971,0.9107572115384616,0.8620956508280452,0.8651755203479341,0.8590376310919186,0.9342166076105377,0.9366697559468644,0.9317762753534112
esnli,flan-t5-large,7,uniform,minkowski,0.904621335504886,0.904621335504886,0.904621335504886,0.904621335504886,0.9044547800006861,0.9045009666697007,0.9044142474194024,0.9046440585160717,0.9046724672529884,0.904621335504886,0.9103078982597056,0.9085510688836105,0.9120715350223547,0.8685518955873214,0.8682820751786269,0.8688218837426174,0.9345045461550315,0.9366697559468644,0.932349323493235
esnli,flan-t5-large,7,uniform,cosine,0.9055374592833876,0.9055374592833876,0.9055374592833876,0.9055374592833876,0.90540581027348,0.9054455248457649,0.9053780517727886,0.9055307158941984,0.905536051089671,0.9055374592833876,0.9109058402860548,0.9076603325415677,0.9141746411483254,0.8699023104357265,0.8713886300093197,0.868421052631579,0.9354092800986589,0.9372876119864072,0.9335384615384615
esnli,flan-t5-large,7,distance,minkowski,0.9040105863192183,0.9040105863192183,0.9040105863192183,0.9040105863192183,0.9038452525380046,0.9039191583474292,0.9037897883951601,0.9040342872997044,0.9040765914056934,0.9040105863192183,0.9095245193024296,0.9058788598574822,0.9131996408261,0.8678776587486415,0.8682820751786269,0.8674736188702669,0.9341335795629424,0.9375965400061785,0.9306961054891137
esnli,flan-t5-large,7,distance,cosine,0.905435667752443,0.905435667752443,0.905435667752443,0.905435667752443,0.9053140940879563,0.9053683081139866,0.9052897830626918,0.9054157766301406,0.9054260294868743,0.905435667752443,0.9110182143923558,0.9058788598574822,0.9162162162162162,0.8696190771136574,0.8723205964585274,0.8669342389626428,0.9353049907578558,0.93790546802595,0.9327188940092166
esnli,flan-t5-large,9,uniform,minkowski,0.9066571661237784,0.9066571661237784,0.9066571661237784,0.9066571661237784,0.9064695363405434,0.9065324751338526,0.9064164431658389,0.9066958184151512,0.9067443339322985,0.9066571661237784,0.9128235644153525,0.9109263657957245,0.9147286821705426,0.8714041362152076,0.8704566635601119,0.8723536737235368,0.93518090839107,0.9382143960457213,0.9321669736034377
esnli,flan-t5-large,9,uniform,cosine,0.9064535830618893,0.9064535830618893,0.9064535830618893,0.9064535830618893,0.9062911254533544,0.906344847612745,0.9062476458529911,0.9064700653489955,0.9064968813054054,0.9064535830618893,0.9124478856462179,0.9097387173396675,0.9151732377538829,0.8714285714285713,0.871699285492389,0.8711580254579323,0.9349969192852742,0.9375965400061785,0.9324116743471582
esnli,flan-t5-large,9,distance,minkowski,0.9061482084690554,0.9061482084690554,0.9061482084690554,0.9061482084690554,0.9059607937146588,0.9060376216104955,0.9059017692354175,0.9061812854890882,0.906232294141353,0.9061482084690554,0.9126936829558998,0.9094418052256532,0.9159688995215312,0.8707271597265384,0.8704566635601119,0.870997824059683,0.9344615384615383,0.9382143960457213,0.9307385841250383
esnli,flan-t5-large,9,distance,cosine,0.9064535830618893,0.9064535830618893,0.9064535830618893,0.9064535830618893,0.9062991573959285,0.9063580151607007,0.906258720660101,0.9064571310651262,0.9064792755781468,0.9064535830618893,0.9127776949455791,0.9088479809976246,0.9167415393830488,0.8711028385295485,0.8723205964585274,0.8698884758364313,0.9350169387126579,0.93790546802595,0.9321461467608229
esnli,flan-t5-large,11,uniform,minkowski,0.9073697068403909,0.9073697068403909,0.9073697068403909,0.9073697068403909,0.9071593962654695,0.9072332806703907,0.907099044132651,0.9074221934157912,0.9074881905839428,0.9073697068403909,0.9141752193961029,0.9124109263657957,0.915946348733234,0.8720821661998133,0.8704566635601119,0.8737137511693172,0.9352208032004924,0.9388322520852641,0.9316370324954016
esnli,flan-t5-large,11,uniform,cosine,0.9074714983713354,0.9074714983713354,0.9074714983713354,0.9074714983713354,0.9073017694450942,0.9073643192361903,0.9072516976042698,0.9074953536756395,0.9075317852978902,0.9074714983713354,0.9134772896500372,0.9106294536817102,0.9163429937257245,0.8726312519415967,0.8726312519415967,0.8726312519415967,0.935796766743649,0.9388322520852641,0.932780847145488
esnli,flan-t5-large,11,distance,minkowski,0.907064332247557,0.907064332247557,0.907064332247557,0.907064332247557,0.9068550624682093,0.9069403738582954,0.9067886891532954,0.9071147101750816,0.9071840918864831,0.907064332247557,0.9139368671828468,0.9112232779097387,0.9166666666666666,0.8716752216518899,0.8704566635601119,0.8728971962616823,0.934953098569891,0.9391411801050356,0.9308022045315371
esnli,flan-t5-large,11,distance,cosine,0.9069625407166124,0.9069625407166124,0.9069625407166124,0.9069625407166124,0.9068025287432477,0.9068774763166713,0.9067513653550706,0.9069770603059024,0.9070155778972349,0.9069625407166124,0.9128878281622911,0.9085510688836105,0.9172661870503597,0.8716834755624515,0.8726312519415967,0.870737755734656,0.9358362825050007,0.9394501081248069,0.9322501532801962
esnli,flan-t5-large,101,uniform,minkowski,0.9083876221498371,0.9083876221498371,0.9083876221498371,0.9083876221498371,0.9080797551934409,0.9081536950507303,0.9080752842790396,0.9085346742858365,0.9087501210672116,0.9083876221498371,0.9153493869109174,0.919833729216152,0.9109085563069685,0.8732173640495219,0.8654861758310034,0.8810879190385832,0.9356725146198831,0.9391411801050356,0.932229377491567
esnli,flan-t5-large,101,uniform,cosine,0.9081840390879479,0.9081840390879479,0.9081840390879479,0.9081840390879479,0.9078865884396338,0.907960334764406,0.9078726642183819,0.9083226343187162,0.9085201041384593,0.9081840390879479,0.9150036954915004,0.9189429928741093,0.9110980276714749,0.8729835552075177,0.8657968313140727,0.8802905874921036,0.9356725146198831,0.9391411801050356,0.932229377491567
esnli,flan-t5-large,101,distance,minkowski,0.9083876221498371,0.9083876221498371,0.9083876221498371,0.9083876221498371,0.9080797551934409,0.9081536950507303,0.9080752842790396,0.9085346742858365,0.9087501210672116,0.9083876221498371,0.9153493869109174,0.919833729216152,0.9109085563069685,0.8732173640495219,0.8654861758310034,0.8810879190385832,0.9356725146198831,0.9391411801050356,0.932229377491567
esnli,flan-t5-large,101,distance,cosine,0.9083876221498371,0.9083876221498371,0.9083876221498371,0.9083876221498371,0.9080944219576706,0.9081674384197854,0.90807676536777,0.9085213958870413,0.9087096420881342,0.9083876221498371,0.9152742865592193,0.9189429928741093,0.9116347569955817,0.8733364646939096,0.8664181422802113,0.8803661616161617,0.9356725146198831,0.9391411801050356,0.932229377491567
esnli,flan-t5-large,201,uniform,minkowski,0.9083876221498371,0.9083876221498371,0.9083876221498371,0.9083876221498371,0.908074839816733,0.908149113927712,0.9080751832978105,0.908539126872944,0.9087641088221242,0.9083876221498371,0.9153743907842269,0.9201306413301663,0.9106670584778137,0.8731776140460887,0.8651755203479341,0.8813291139240507,0.9356725146198831,0.9391411801050356,0.932229377491567
esnli,flan-t5-large,201,uniform,cosine,0.9083876221498371,0.9083876221498371,0.9083876221498371,0.9083876221498371,0.908074839816733,0.908149113927712,0.9080751832978105,0.908539126872944,0.9087641088221242,0.9083876221498371,0.9153743907842269,0.9201306413301663,0.9106670584778137,0.8731776140460887,0.8651755203479341,0.8813291139240507,0.9356725146198831,0.9391411801050356,0.932229377491567
esnli,flan-t5-large,201,distance,minkowski,0.9083876221498371,0.9083876221498371,0.9083876221498371,0.9083876221498371,0.908074839816733,0.908149113927712,0.9080751832978105,0.908539126872944,0.9087641088221242,0.9083876221498371,0.9153743907842269,0.9201306413301663,0.9106670584778137,0.8731776140460887,0.8651755203479341,0.8813291139240507,0.9356725146198831,0.9391411801050356,0.932229377491567
esnli,flan-t5-large,201,distance,cosine,0.9083876221498371,0.9083876221498371,0.9083876221498371,0.9083876221498371,0.9080797551934409,0.9081536950507303,0.9080752842790396,0.9085346742858365,0.9087501210672116,0.9083876221498371,0.9153493869109174,0.919833729216152,0.9109085563069685,0.8732173640495219,0.8654861758310034,0.8810879190385832,0.9356725146198831,0.9391411801050356,0.932229377491567
esnli,flan-t5-large,301,uniform,minkowski,0.9084894136807817,0.9084894136807817,0.9084894136807817,0.9084894136807817,0.9081738624412806,0.9082480846323834,0.9081769277731809,0.9086429414279857,0.9088725823519579,0.9084894136807817,0.9155345540460721,0.9204275534441805,0.9106933019976499,0.8733145186578865,0.8651755203479341,0.8816081038303261,0.9356725146198831,0.9391411801050356,0.932229377491567
esnli,flan-t5-large,301,uniform,cosine,0.9083876221498371,0.9083876221498371,0.9083876221498371,0.9083876221498371,0.908074839816733,0.908149113927712,0.9080751832978105,0.908539126872944,0.9087641088221242,0.9083876221498371,0.9153743907842269,0.9201306413301663,0.9106670584778137,0.8731776140460887,0.8651755203479341,0.8813291139240507,0.9356725146198831,0.9391411801050356,0.932229377491567
esnli,flan-t5-large,301,distance,minkowski,0.9084894136807817,0.9084894136807817,0.9084894136807817,0.9084894136807817,0.9081738624412806,0.9082480846323834,0.9081769277731809,0.9086429414279857,0.9088725823519579,0.9084894136807817,0.9155345540460721,0.9204275534441805,0.9106933019976499,0.8733145186578865,0.8651755203479341,0.8816081038303261,0.9356725146198831,0.9391411801050356,0.932229377491567
esnli,flan-t5-large,301,distance,cosine,0.9083876221498371,0.9083876221498371,0.9083876221498371,0.9083876221498371,0.908074839816733,0.908149113927712,0.9080751832978105,0.908539126872944,0.9087641088221242,0.9083876221498371,0.9153743907842269,0.9201306413301663,0.9106670584778137,0.8731776140460887,0.8651755203479341,0.8813291139240507,0.9356725146198831,0.9391411801050356,0.932229377491567
esnli,flan-t5-large,401,uniform,minkowski,0.9084894136807817,0.9084894136807817,0.9084894136807817,0.9084894136807817,0.9081738624412806,0.9082480846323834,0.9081769277731809,0.9086429414279857,0.9088725823519579,0.9084894136807817,0.9155345540460721,0.9204275534441805,0.9106933019976499,0.8733145186578865,0.8651755203479341,0.8816081038303261,0.9356725146198831,0.9391411801050356,0.932229377491567
esnli,flan-t5-large,401,uniform,cosine,0.9084894136807817,0.9084894136807817,0.9084894136807817,0.9084894136807817,0.9081738624412806,0.9082480846323834,0.9081769277731809,0.9086429414279857,0.9088725823519579,0.9084894136807817,0.9155345540460721,0.9204275534441805,0.9106933019976499,0.8733145186578865,0.8651755203479341,0.8816081038303261,0.9356725146198831,0.9391411801050356,0.932229377491567
esnli,flan-t5-large,401,distance,minkowski,0.9084894136807817,0.9084894136807817,0.9084894136807817,0.9084894136807817,0.9081738624412806,0.9082480846323834,0.9081769277731809,0.9086429414279857,0.9088725823519579,0.9084894136807817,0.9155345540460721,0.9204275534441805,0.9106933019976499,0.8733145186578865,0.8651755203479341,0.8816081038303261,0.9356725146198831,0.9391411801050356,0.932229377491567
esnli,flan-t5-large,401,distance,cosine,0.9084894136807817,0.9084894136807817,0.9084894136807817,0.9084894136807817,0.9081738624412806,0.9082480846323834,0.9081769277731809,0.9086429414279857,0.9088725823519579,0.9084894136807817,0.9155345540460721,0.9204275534441805,0.9106933019976499,0.8733145186578865,0.8651755203479341,0.8816081038303261,0.9356725146198831,0.9391411801050356,0.932229377491567
esnli,flan-t5-large,501,uniform,minkowski,0.9084894136807817,0.9084894136807817,0.9084894136807817,0.9084894136807817,0.9081738624412806,0.9082480846323834,0.9081769277731809,0.9086429414279857,0.9088725823519579,0.9084894136807817,0.9155345540460721,0.9204275534441805,0.9106933019976499,0.8733145186578865,0.8651755203479341,0.8816081038303261,0.9356725146198831,0.9391411801050356,0.932229377491567
esnli,flan-t5-large,501,uniform,cosine,0.9084894136807817,0.9084894136807817,0.9084894136807817,0.9084894136807817,0.9081738624412806,0.9082480846323834,0.9081769277731809,0.9086429414279857,0.9088725823519579,0.9084894136807817,0.9155345540460721,0.9204275534441805,0.9106933019976499,0.8733145186578865,0.8651755203479341,0.8816081038303261,0.9356725146198831,0.9391411801050356,0.932229377491567
esnli,flan-t5-large,501,distance,minkowski,0.9084894136807817,0.9084894136807817,0.9084894136807817,0.9084894136807817,0.9081738624412806,0.9082480846323834,0.9081769277731809,0.9086429414279857,0.9088725823519579,0.9084894136807817,0.9155345540460721,0.9204275534441805,0.9106933019976499,0.8733145186578865,0.8651755203479341,0.8816081038303261,0.9356725146198831,0.9391411801050356,0.932229377491567
esnli,flan-t5-large,501,distance,cosine,0.9084894136807817,0.9084894136807817,0.9084894136807817,0.9084894136807817,0.9081738624412806,0.9082480846323834,0.9081769277731809,0.9086429414279857,0.9088725823519579,0.9084894136807817,0.9155345540460721,0.9204275534441805,0.9106933019976499,0.8733145186578865,0.8651755203479341,0.8816081038303261,0.9356725146198831,0.9391411801050356,0.932229377491567
esnli,flan-t5-large,601,uniform,minkowski,0.9084894136807817,0.9084894136807817,0.9084894136807817,0.9084894136807817,0.9081738624412806,0.9082480846323834,0.9081769277731809,0.9086429414279857,0.9088725823519579,0.9084894136807817,0.9155345540460721,0.9204275534441805,0.9106933019976499,0.8733145186578865,0.8651755203479341,0.8816081038303261,0.9356725146198831,0.9391411801050356,0.932229377491567
esnli,flan-t5-large,601,uniform,cosine,0.9084894136807817,0.9084894136807817,0.9084894136807817,0.9084894136807817,0.9081738624412806,0.9082480846323834,0.9081769277731809,0.9086429414279857,0.9088725823519579,0.9084894136807817,0.9155345540460721,0.9204275534441805,0.9106933019976499,0.8733145186578865,0.8651755203479341,0.8816081038303261,0.9356725146198831,0.9391411801050356,0.932229377491567
esnli,flan-t5-large,601,distance,minkowski,0.9084894136807817,0.9084894136807817,0.9084894136807817,0.9084894136807817,0.9081738624412806,0.9082480846323834,0.9081769277731809,0.9086429414279857,0.9088725823519579,0.9084894136807817,0.9155345540460721,0.9204275534441805,0.9106933019976499,0.8733145186578865,0.8651755203479341,0.8816081038303261,0.9356725146198831,0.9391411801050356,0.932229377491567
esnli,flan-t5-large,601,distance,cosine,0.9084894136807817,0.9084894136807817,0.9084894136807817,0.9084894136807817,0.9081738624412806,0.9082480846323834,0.9081769277731809,0.9086429414279857,0.9088725823519579,0.9084894136807817,0.9155345540460721,0.9204275534441805,0.9106933019976499,0.8733145186578865,0.8651755203479341,0.8816081038303261,0.9356725146198831,0.9391411801050356,0.932229377491567
esnli,flan-t5-large,701,uniform,minkowski,0.9084894136807817,0.9084894136807817,0.9084894136807817,0.9084894136807817,0.9081738624412806,0.9082480846323834,0.9081769277731809,0.9086429414279857,0.9088725823519579,0.9084894136807817,0.9155345540460721,0.9204275534441805,0.9106933019976499,0.8733145186578865,0.8651755203479341,0.8816081038303261,0.9356725146198831,0.9391411801050356,0.932229377491567
esnli,flan-t5-large,701,uniform,cosine,0.9084894136807817,0.9084894136807817,0.9084894136807817,0.9084894136807817,0.9081738624412806,0.9082480846323834,0.9081769277731809,0.9086429414279857,0.9088725823519579,0.9084894136807817,0.9155345540460721,0.9204275534441805,0.9106933019976499,0.8733145186578865,0.8651755203479341,0.8816081038303261,0.9356725146198831,0.9391411801050356,0.932229377491567
esnli,flan-t5-large,701,distance,minkowski,0.9084894136807817,0.9084894136807817,0.9084894136807817,0.9084894136807817,0.9081738624412806,0.9082480846323834,0.9081769277731809,0.9086429414279857,0.9088725823519579,0.9084894136807817,0.9155345540460721,0.9204275534441805,0.9106933019976499,0.8733145186578865,0.8651755203479341,0.8816081038303261,0.9356725146198831,0.9391411801050356,0.932229377491567
esnli,flan-t5-large,701,distance,cosine,0.9084894136807817,0.9084894136807817,0.9084894136807817,0.9084894136807817,0.9081738624412806,0.9082480846323834,0.9081769277731809,0.9086429414279857,0.9088725823519579,0.9084894136807817,0.9155345540460721,0.9204275534441805,0.9106933019976499,0.8733145186578865,0.8651755203479341,0.8816081038303261,0.9356725146198831,0.9391411801050356,0.932229377491567
esnli,flan-t5-large,801,uniform,minkowski,0.9084894136807817,0.9084894136807817,0.9084894136807817,0.9084894136807817,0.9081738624412806,0.9082480846323834,0.9081769277731809,0.9086429414279857,0.9088725823519579,0.9084894136807817,0.9155345540460721,0.9204275534441805,0.9106933019976499,0.8733145186578865,0.8651755203479341,0.8816081038303261,0.9356725146198831,0.9391411801050356,0.932229377491567
esnli,flan-t5-large,801,uniform,cosine,0.9084894136807817,0.9084894136807817,0.9084894136807817,0.9084894136807817,0.9081738624412806,0.9082480846323834,0.9081769277731809,0.9086429414279857,0.9088725823519579,0.9084894136807817,0.9155345540460721,0.9204275534441805,0.9106933019976499,0.8733145186578865,0.8651755203479341,0.8816081038303261,0.9356725146198831,0.9391411801050356,0.932229377491567
esnli,flan-t5-large,801,distance,minkowski,0.9084894136807817,0.9084894136807817,0.9084894136807817,0.9084894136807817,0.9081738624412806,0.9082480846323834,0.9081769277731809,0.9086429414279857,0.9088725823519579,0.9084894136807817,0.9155345540460721,0.9204275534441805,0.9106933019976499,0.8733145186578865,0.8651755203479341,0.8816081038303261,0.9356725146198831,0.9391411801050356,0.932229377491567
esnli,flan-t5-large,801,distance,cosine,0.9084894136807817,0.9084894136807817,0.9084894136807817,0.9084894136807817,0.9081738624412806,0.9082480846323834,0.9081769277731809,0.9086429414279857,0.9088725823519579,0.9084894136807817,0.9155345540460721,0.9204275534441805,0.9106933019976499,0.8733145186578865,0.8651755203479341,0.8816081038303261,0.9356725146198831,0.9391411801050356,0.932229377491567
esnli,flan-t5-large,901,uniform,minkowski,0.9084894136807817,0.9084894136807817,0.9084894136807817,0.9084894136807817,0.9081738624412806,0.9082480846323834,0.9081769277731809,0.9086429414279857,0.9088725823519579,0.9084894136807817,0.9155345540460721,0.9204275534441805,0.9106933019976499,0.8733145186578865,0.8651755203479341,0.8816081038303261,0.9356725146198831,0.9391411801050356,0.932229377491567
esnli,flan-t5-large,901,uniform,cosine,0.9084894136807817,0.9084894136807817,0.9084894136807817,0.9084894136807817,0.9081738624412806,0.9082480846323834,0.9081769277731809,0.9086429414279857,0.9088725823519579,0.9084894136807817,0.9155345540460721,0.9204275534441805,0.9106933019976499,0.8733145186578865,0.8651755203479341,0.8816081038303261,0.9356725146198831,0.9391411801050356,0.932229377491567
esnli,flan-t5-large,901,distance,minkowski,0.9084894136807817,0.9084894136807817,0.9084894136807817,0.9084894136807817,0.9081738624412806,0.9082480846323834,0.9081769277731809,0.9086429414279857,0.9088725823519579,0.9084894136807817,0.9155345540460721,0.9204275534441805,0.9106933019976499,0.8733145186578865,0.8651755203479341,0.8816081038303261,0.9356725146198831,0.9391411801050356,0.932229377491567
esnli,flan-t5-large,901,distance,cosine,0.9084894136807817,0.9084894136807817,0.9084894136807817,0.9084894136807817,0.9081738624412806,0.9082480846323834,0.9081769277731809,0.9086429414279857,0.9088725823519579,0.9084894136807817,0.9155345540460721,0.9204275534441805,0.9106933019976499,0.8733145186578865,0.8651755203479341,0.8816081038303261,0.9356725146198831,0.9391411801050356,0.932229377491567
esnli,flan-t5-large,1001,uniform,minkowski,0.9084894136807817,0.9084894136807817,0.9084894136807817,0.9084894136807817,0.9081738624412806,0.9082480846323834,0.9081769277731809,0.9086429414279857,0.9088725823519579,0.9084894136807817,0.9155345540460721,0.9204275534441805,0.9106933019976499,0.8733145186578865,0.8651755203479341,0.8816081038303261,0.9356725146198831,0.9391411801050356,0.932229377491567
esnli,flan-t5-large,1001,uniform,cosine,0.9084894136807817,0.9084894136807817,0.9084894136807817,0.9084894136807817,0.9081738624412806,0.9082480846323834,0.9081769277731809,0.9086429414279857,0.9088725823519579,0.9084894136807817,0.9155345540460721,0.9204275534441805,0.9106933019976499,0.8733145186578865,0.8651755203479341,0.8816081038303261,0.9356725146198831,0.9391411801050356,0.932229377491567
esnli,flan-t5-large,1001,distance,minkowski,0.9084894136807817,0.9084894136807817,0.9084894136807817,0.9084894136807817,0.9081738624412806,0.9082480846323834,0.9081769277731809,0.9086429414279857,0.9088725823519579,0.9084894136807817,0.9155345540460721,0.9204275534441805,0.9106933019976499,0.8733145186578865,0.8651755203479341,0.8816081038303261,0.9356725146198831,0.9391411801050356,0.932229377491567
esnli,flan-t5-large,1001,distance,cosine,0.9084894136807817,0.9084894136807817,0.9084894136807817,0.9084894136807817,0.9081738624412806,0.9082480846323834,0.9081769277731809,0.9086429414279857,0.9088725823519579,0.9084894136807817,0.9155345540460721,0.9204275534441805,0.9106933019976499,0.8733145186578865,0.8651755203479341,0.8816081038303261,0.9356725146198831,0.9391411801050356,0.932229377491567
